24 6
#
18 0 69 1.8 0 100 
#
31 0 68 1.63 0 100 
27 0 89 1.7 0 100 
8 1 89 1.84 0 100 
20 0 71 1.74 0 100 
33 0 65 1.67 0 100 
45 1 82 1.37 0 100 
17 0 59 1.59 0 100 
40 0 76 1.36 0 100 
43 1 74 1.74 0 100 
42 1 69 1.49 0 100 
45 1 75 1.65 0 100 
31 0 90 1.56 0 100 
33 1 84 1.88 0 100 
36 0 55 1.86 0 100 
49 1 72 1.67 0 100 
43 0 78 1.53 0 100 
36 0 69 1.83 0 100 
28 1 68 1.95 0 100 
50 1 72 1.8 0 100 
28 0 87 1.69 0 100 
44 0 86 1.82 0 100 
32 1 67 1.66 0 100 
42 0 86 1.67 0 100 
44 1 86 1.68 0 100 
28 0 71 1.68 0 95 
28 1 53 1.88 0 100 
37 1 62 1.66 0 100 
45 0 63 1.83 0 95 
46 1 58 1.59 0 100 
40 1 74 1.89 0 100 
#
0 0
0 5
23 0
23 5
