24 6
#
18 m 69 1.8 0 100 
#
31 m 68 1.63 0 100 
27 m 89 1.7 0 100 
8 f 89 1.84 0 100 
20 m 71 1.74 0 100 
33 m 65 1.67 0 100 
45 f 82 1.37 0 100 
17 m 59 1.59 0 100 
40 m 76 1.36 0 100 
43 f 74 1.74 0 100 
42 f 69 1.49 0 100 
45 f 75 1.65 0 100 
31 m 90 1.56 0 100 
33 f 84 1.88 0 100 
36 m 55 1.86 0 100 
49 f 72 1.67 0 100 
43 m 78 1.53 0 100 
36 m 69 1.83 0 100 
28 f 68 1.95 0 100 
50 f 72 1.8 0 100 
28 m 87 1.69 0 100 
44 m 86 1.82 0 100 
32 f 67 1.66 0 100 
42 m 86 1.67 0 100 
44 f 86 1.68 0 100 
28 m 71 1.68 0 95 
28 f 53 1.88 0 100 
37 f 62 1.66 0 100 
45 m 63 1.83 0 95 
46 f 58 1.59 0 100 
40 f 74 1.89 0 100 
#
0 0
0 5
23 0
23 5
