8 10
#
70 2 70 1.3 0 100 
25 1 60 1.5 0 100 
24 0 57 1.5 0 100 
83 1 206 1.1 1 95 
28 0 85 1.8 0 100 
28 0 30 2 0 100 
29 0 78 1.8 0 100 
29 0 78 1.8 0 100 
#
58 0 89 1.66 0 100 
63 0 56 1.49 0 100 
33 1 76 1.59 0 100 
51 0 68 1.68 0 100 
45 1 78 1.71 0 100 
23 1 80 1.43 0 100 
55 0 66 1.8 0 100 
47 0 67 1.87 0 100 
27 0 68 1.75 0 100 
42 1 90 1.92 0 100 
37 1 65 1.73 0 100 
17 0 83 1.81 0 100 
51 1 80 1.8 0 100 
8 1 72 1.76 0 100 
18 1 85 1.98 0 100 
57 1 70 1.59 0 100 
22 1 62 1.96 0 100 
50 0 80 2.04 0 100 
26 0 57 1.83 0 100 
31 0 60 1.64 0 100 
49 1 91 1.29 0 100 
48 1 70 1.75 0 100 
38 1 75 1.93 0 100 
18 1 70 1.78 0 100 
36 0 76 1.79 0 100 
46 0 65 1.5 0 100 
21 0 37 1.48 0 100 
41 1 72 1.75 0 100 
70 0 61 1.65 0 100 
44 1 57 1.85 0 100 
23 1 84 2 0 100 
44 0 74 1.61 0 100 
57 0 77 1.93 0 100 
44 1 72 1.57 0 100 
44 1 54 1.8 0 100 
58 1 79 1.75 0 100 
52 1 75 1.67 0 100 
63 0 75 1.63 0 100 
30 0 68 1.76 0 100 
8 0 52 1.58 0 100 
43 0 82 1.58 0 100 
32 1 90 1.63 0 100 
65 0 74 1.55 0 100 
46 1 70 1.57 0 100 
36 0 73 1.76 0 100 
37 1 61 1.88 0 95 
27 0 71 1.78 0 90 
18 0 59 1.67 0 100 
47 1 77 1.89 0 100 
28 1 68 1.67 0 100 
52 1 66 1.66 0 100 
46 1 76 1.78 0 100 
26 1 75 1.43 0 100 
35 1 73 1.58 0 100 
47 0 82 1.7 0 100 
26 0 66 1.65 0 100 
45 0 69 1.57 0 100 
63 1 57 1.51 0 100 
39 0 71 1.68 0 100 
27 0 80 1.68 0 100 
52 1 54 1.46 0 100 
22 1 78 1.61 0 95 
49 1 75 1.87 0 100 
45 0 68 1.92 0 100 
37 0 67 1.61 0 100 
38 1 82 2.03 0 100 
60 1 78 1.68 0 100 
30 0 69 1.61 0 100 
11 0 85 1.74 0 100 
38 1 70 1.79 0 100 
41 0 82 1.87 0 100 
25 0 85 1.66 0 100 
28 0 69 1.73 0 100 
49 1 60 1.77 0 100 
40 0 68 1.59 0 100 
32 1 74 1.61 0 100 
53 1 70 1.76 0 100 
#
0 0
5 0
5 10
3 10
